A771667: 0.00913269302449434
A767495: 0.009559033060974848
A767523: 0.006981276456118593
A718064: 0.004901381434057102
B767621: 0.0051012232790125156
B717571: 0.005694955186247493
B760987: 0.0032287967295311585
B717492: 0.0028740668496015074
B769359: 0.005449662899160669
B717491: 0.007931626704668737
C769443: 0.006862009762980722
C765099: 0.0016939421831879454
C717508: 0.009712569548953378
C767350: 0.0031603317863545246
D772596: 0.009241277164082129
D716968: 0.008789454951596257
D717481: 0.0035290416737795657
D717461: 0.005501072332864523
D716337: 0.0060689190129051595
D761604: 0.00870337315851798
