A771667: 0.007002593679623185
A767495: 0.008449245672339612
A767523: 0.0025401942925339393
A718064: 0.003751168444670141
B767621: 0.0024917889094550685
B717571: 0.0029117718011713056
B760987: 0.006786455286331205
B717492: 0.004799422543748952
B769359: 0.0054270726173344325
B717491: 0.006689318806885101
C769443: 0.009304969520426079
C765099: 0.009423577384265651
C717508: 0.00126089744382093
C767350: 0.008939912532397025
D772596: 0.006260155180754666
D716968: 0.003566834979701869
D717481: 0.005117253300293724
D717461: 0.004282418189416986
D716337: 0.004136648741600932
D761604: 0.0009260408498780185
