A771667: 0.008416877572210203
A767495: 0.00505928407145073
A767523: 0.008741329507439381
A718064: 0.002404411220355691
A767621: 0.07060286775113957
B717571: 0.0065323629798376415
B760987: 0.00486669855672923
B717492: 0.0034762367418544843
B769359: 0.007095915348824398
B717491: 0.00886760115111391
C769443: 0.008596253562811839
C765099: 0.0032084195362212754
C717508: 0.00669551175172249
C767350: 0.008064964462540186
C772596: 0.09564718962994084
D716968: 0.009546586479452918
D717481: 0.005116346072397381
D717461: 0.0019930981833430153
D716337: 0.008803410546297633
D761604: 0.00782833323257805
