A771667: 0.074754978380147
A767495: 0.056904390598330114
A767523: 0.09256031391556788
A718064: 0.07657861873078803
B767621: 0.06284806878055824
B717571: 0.06057754174320185
B760987: 0.07822143274449958
B717492: 0.06699129982527587
B769359: 0.06961798050767852
B717491: 0.08544871460791446
C769443: 0.053811661802138464
C765099: 0.0829286683743866
C717508: 0.0831077929181817
C767350: 0.05327832470443478
D772596: 0.06164369411522372
D716968: 0.060724509019389264
D717481: 0.07292745155584737
D717461: 0.06423930094145847
D716337: 0.07310662463700653
D761604: 0.06410882938372447
