A771667: 0.002318850036193616
A767495: 0.009382971540401339
A767523: 0.006061397854708664
A718064: 0.0026420403992549715
B767621: 0.0074856055835780455
B717571: 0.005475732659493079
B760987: 0.0032642374073705476
B717492: 0.007367554706363736
B769359: 0.0038173113425633543
B717491: 0.006408371836180446
C769443: 0.005232293564072785
C765099: 0.00743366992920767
C717508: 0.006942621636562482
C767350: 0.004542284610459662
D772596: 0.004180121271542297
D716968: 0.004885535034398365
D717481: 0.0011529163161253418
D717461: 0.008476954233127743
D716337: 0.0050406577773602365
D761604: 0.004019626408717394
