A771667: 0.0950731887271927
A767495: 0.09189397223513288
A767523: 0.07317211055478144
A718064: 0.056501432729582156
B767621: 0.07799593933687367
B717571: 0.07055466537879698
B760987: 0.09613704825069128
B717492: 0.09788673684373952
B769359: 0.09388506337668664
B717491: 0.06400075018449594
C769443: 0.06759690862684119
C765099: 0.054220279291772554
C717508: 0.07517349552157518
C767350: 0.08367185288505449
D772596: 0.060905502750497775
D716968: 0.0668120324401839
D717481: 0.05504612255520954
D717461: 0.09873897919372336
D716337: 0.06591173337233902
D761604: 0.06439388116213035
