A771667: 0.008966937586226895
A767495: 0.008773056076370796
A767523: 0.0024568695773017853
A718064: 0.00825205401622597
A767621: 0.06594379115066273
B717571: 0.0012516504091568833
B760987: 0.0023546338754491347
B717492: 0.002199288592842326
B769359: 0.006516578250397289
B717491: 0.001562538014763886
C769443: 0.001631412277506208
C765099: 0.006978092208280954
C717508: 0.004843742931355995
C767350: 0.0061838856362106355
C772596: 0.09812760740941616
D716968: 0.006520545383471971
D717481: 0.00213522790581003
D717461: 0.0030630259320129525
D716337: 0.0022550140801886687
D761604: 0.0043968631182466095
