A771667: 0.0017518661146195568
A767495: 0.004868870368751426
A767523: 0.006636628022317925
A718064: 0.0045931112321080944
A767621: 0.05730355899454124
B717571: 0.009040723444941699
B760987: 0.00663824051405572
B717492: 0.00669320811446679
B769359: 0.00679084741950694
B717491: 0.008513520892809906
C769443: 0.009519850678031622
C765099: 0.006498927364797452
C717508: 0.0053458476440698425
C767350: 0.006458895979744797
C772596: 0.06912503799452557
D716968: 0.00866049917603881
D717481: 0.009945459108716005
D717461: 0.0019721348614665144
D716337: 0.007979857693401367
D761604: 0.00750005050308426
