A771667: 0.09089462955387476
A767495: 0.07013702626621347
A767523: 0.062138565925418686
A718064: 0.0918236559402367
B767621: 0.05068682466315322
B717571: 0.09089464113726735
B760987: 0.05885186715128842
B717492: 0.054081565189711286
B769359: 0.0790754544400328
B717491: 0.06660567206035606
C769443: 0.08295878881465832
C765099: 0.07403170592581948
C717508: 0.054165074410034555
C767350: 0.0892047240406112
D772596: 0.0655693752081569
D716968: 0.054946662442646586
D717481: 0.09628013841667807
D717461: 0.06701615059532351
D716337: 0.09630794215628577
D761604: 0.0889583401486702
